connection Matrix
	0	1001	1002	1003	1004	11	12	13	14	15	16
	1001	0	0	0	0	10014	0	0	0	0	0
	1002	0	0	0	0	0	10004	0	0	0	0
	1003	0	0	0	0	0	0	0	10007	0	0
	1004	0	0	0	0	0	0	10008	0	0	0
	11	10014	0	0	0	0	10005	10010	10001	0	10006
	12	0	10004	0	0	10005	0	10009	10013	0	10002
	13	0	0	0	10008	10010	10009	0	10012	0	10003
	14	0	0	10007	0	10001	10013	10012	0	0	10015
	15	0	0	0	0	0	0	0	0	0	10011
	16	0	0	0	0	10006	10002	10003	10015	10011	0
